   9.2473116
   0.4408593
   0.2150497
   0.3118114
   0.6988580
   0.2470442
   0.4397900
   0.2107723
   0.2947019
   0.6304199
   0.9732917
   0.3447795
   0.8307308
   0.7745356
   0.5497556
   0.6506356
   5.4155063E-02
   0.6682330
   0.1245448
   0.9497926
   0.2507829
   0.4547444
   0.2705900
   0.5339728
   0.5875036
   0.8016270
   0.6581209
   8.4096745E-02
   0.7879997
   0.6036118
   0.8660601
   0.9158533
   0.1150265
   0.9117185
   9.8487072E-02
   0.8455611
   0.8338570
   0.7870412
   0.5997782
   0.8507259
   0.8545163
   0.8696783
   0.9303262
   0.1729180
   0.1432846
   2.4750924E-02
   0.5506164
   0.6540787
   6.7927346E-02
   0.7233222
   0.3449014
   0.8312189
   0.7764881
   0.5575655
   0.6818751
   0.1791131
   0.1680654
   0.1238740
   0.9471083
   0.2400460
   0.4117967
   9.8799020E-02
   0.8468089
   0.8388481
   0.8070056
   0.6796358
   0.1701563
   0.1322384
   0.9805661
   0.3738770
   0.9471209
   0.2400960
   0.4119968
   9.9599689E-02
   0.8500115
   0.8516589
   0.8582489
   0.8846089
   0.9900488
   0.4118083
   9.8845780E-02
   0.8469959
   0.8395963
   0.8099983
   0.6916065
   0.2180394
   0.3237707
   0.7466951
   0.4383927
   0.2051840
   0.2723486
   0.5410066
   0.6156388
   0.9141680
   0.1082847
   0.8847516
   0.9906189
   0.4140889
   0.1079682
